5.962165760012576587e-01 4.064655845700622105e-01
9.493459976481202212e-01 9.736126934694816493e-01
4.809166030137506098e-01 4.470869448694341219e-01
9.234432312086007233e-01 1.632977393376490172e-01
7.306862371466589234e-01 8.983201206857285293e-01
4.965759371060206595e-01 2.369457529556155961e-01
1.429778108684213178e-01 7.379569278845589109e-01
1.479458740942595218e-01 8.312593893274204948e-01
9.413666537185422234e-01 4.235954469053506699e-01
9.953252143083882730e-01 4.644648405489235632e-01
